{"LoopMode": "Wrap", "FrameDuration": 0.0167, "EnableCycleOffsetPosition": true, "EnableCycleOffsetRotation": false, "Debug_info": [{"left_foot_pose": [0.9999999999999981, 6.347653404360345e-08, 3.794307497840318e-09, 8.945345787498077e-05, -6.358983373796244e-08, 0.9982318727423448, 0.059440123160265215, -0.0001803664254853149, -1.454521684510464e-11, -0.059440123160264924, 0.9982318727423467, 4.274827714034757e-11, 0.0, 0.0, 0.0, 1.0], "right_foot_pose": [0.9999999999017352, 1.3993401826867447e-05, -8.458940439672929e-07, 0.0005145885317827793, -1.401894544627244e-05, 0.9981778592774734, -0.06034037662883762, -0.16068217508574822, -1.4430415029264767e-11, 0.060340376634767, 0.9981778593755601, 2.732032655661243e-11, 0.0, 0.0, 0.0, 1.0]}, {"left_foot_pose": [0.9999999999999983, 6.34892038543454e-08, 3.5689009155521166e-09, 8.945345161346915e-05, -6.358942626260238e-08, 0.998450916018972, 0.055639628870726716, -0.00018036641840305997, -3.0856335972495484e-11, -0.05563962887072643, 0.9984509160189738, 8.669702455943451e-11, 0.0, 0.0, 0.0, 1.0], "right_foot_pose": [0.9999999999017347, 1.3990076024943829e-05, -8.992327846693065e-07, 0.0005145885280467956, -1.4018945994197968e-05, 0.9979405048969494, -0.06414630534559806, -0.16068217509657678, -3.086909909926643e-11, 0.0641463053519012, 0.9979405049950125, 6.381335043714742e-11, 0.0, 0.0, 0.0, 1.0]}, {"left_foot_pose": [0.9999999999999981, 6.350537533204035e-08, 3.2603233076417513e-09, 8.94534434235767e-05, -6.358899053104179e-08, 0.9987263821293424, 0.050454074551327575, -0.0001803664082822877, -5.206548153029421e-11, -0.050454074551327284, 0.9987263821293442, 1.4430408951104923e-10, 0.0, 0.0, 0.0, 1.0], "right_foot_pose": [0.9999999999017346, 1.3985202246597607e-05, -9.72104728648398e-07, 0.0005145885228987946, -1.4018946803634037e-05, 0.9975926721027738, -0.06934594703598011, -0.16068217510970853, -5.2540319927708496e-11, 0.06934594704279391, 0.997592672200803, 1.1212706457763844e-10, 0.0, 0.0, 0.0, 1.0]}, {"left_foot_pose": [0.9999999999999981, 6.352378429691126e-08, 2.871808809291106e-09, 8.94534333916898e-05, -6.358861906302261e-08, 0.9990339665458483, 0.04394466620268296, -0.0001803663952566377, -7.750274494497099e-11, -0.04394466620268265, 0.9990339665458501, 2.1527150201317014e-10, 0.0, 0.0, 0.0, 1.0], "right_foot_pose": [0.9999999999017348, 1.3978532457484673e-05, -1.063734701646451e-06, 0.0005145885165275513, -1.401894793407466e-05, 0.9971166544266588, -0.07588397240825269, -0.16068217512452385, -7.898427865696736e-11, 0.07588397241570857, 0.9971166545246412, 1.7012966035956367e-10, 0.0, 0.0, 0.0, 1.0]}, {"left_foot_pose": [0.9999999999999983, 6.354295304376002e-08, 2.4061368638423303e-09, 8.945342134369297e-05, -6.358840251863936e-08, 0.9993461421636155, 0.036156439850946014, -0.00018036637917145243, -1.0707614423841049e-10, -0.03615643985094569, 0.9993461421636176, 3.0114153531934917e-10, 0.0, 0.0, 0.0, 1.0], "right_foot_pose": [0.9999999999017348, 1.3969739742716479e-05, -1.1735910729795458e-06, 0.0005145885089893443, -1.4018949478400363e-05, 0.9964891109015129, -0.08372246806074018, -0.16068217514068367, -1.1036434461734991e-10, 0.08372246806896588, 0.9964891109994335, 2.370893828484988e-10, 0.0, 0.0, 0.0, 1.0]}, {"left_foot_pose": [0.999999999999998, 6.356124266728387e-08, 1.8649478258143076e-09, 8.945340683983833e-05, -6.358843986034057e-08, 0.9996324952523221, 0.027108567568443515, -0.00018036635960640493, -1.4120773069285418e-10, -0.027108567568443178, 0.9996324952523239, 4.05384066592962e-10, 0.0, 0.0, 0.0, 1.0], "right_foot_pose": [0.9999999999017347, 1.3958403982507548e-05, -1.3015227264725533e-06, 0.0005145885002142328, -1.4018951570240329e-05, 0.9956800422923832, -0.09285070373511851, -0.1606821751580338, -1.4742925223418164e-10, 0.0928507037442407, 0.9956800423902247, 3.135372655949098e-10, 0.0, 0.0, 0.0, 1.0]}, {"left_foot_pose": [0.9999999999999982, 6.357685062412805e-08, 1.248565658285623e-09, 8.945338915332587e-05, -6.358885283786476e-08, 0.9998589888502334, 0.016792927540650107, -0.0001803663359311973, -1.8074776861108366e-10, -0.016792927540649746, 0.9998589888502349, 5.336129593747074e-10, 0.0, 0.0, 0.0, 1.0], "right_foot_pose": [0.9999999999017348, 1.3943995449507204e-05, -1.4477821811866905e-06, 0.0005145884900256392, -1.4018954394238512e-05, 0.9946516180759675, -0.10328677777106125, -0.16068217517649075, -1.9146996886408253e-10, 0.1032867777812083, 0.994651618173708, 4.0103845938554983e-10, 0.0, 0.0, 0.0, 1.0]}, {"left_foot_pose": [0.999999999999998, 6.358777617273705e-08, 5.560313506076061e-10, 8.945336722083608e-05, -6.358980262596901e-08, 0.9999866034601381, 0.00517618587887568, -0.00018036630740768736, -2.2688125453772138e-10, -0.0051761858788753, 0.9999866034601399, 6.940202024185993e-10, 0.0, 0.0, 0.0, 1.0], "right_foot_pose": [0.999999999901735, 1.3925854288536983e-05, -1.6130007347472438e-06, 0.0005145884781663149, -1.4018958198807316e-05, 0.9933567088194113, -0.11507583954478198, -0.1606821751959104, -2.442722882726134e-10, 0.11507583955608679, 0.9933567089170245, 5.019539991990563e-10, 0.0, 0.0, 0.0, 1.0]}, {"left_foot_pose": [0.9999999999999982, 6.359176383176492e-08, -2.1475580571578778e-10, 8.945333958802163e-05, -6.359150608051805e-08, 0.9999696199261714, -0.007794820376680165, -0.0001803662734365455, -2.8093673685435654e-10, 0.007794820376680571, 0.9999696199261736, 8.978631796385805e-10, 0.0, 0.0, 0.0, 1.0], "right_foot_pose": [0.9999999999017347, 1.3903168915789617e-05, -1.7981174149541753e-06, 0.0005145884643488063, -1.4018963301456654e-05, 0.9917373422666887, -0.1282850098697155, -0.16068217521589606, -3.079752216881726e-10, 0.12828500988231745, 0.9917373423641436, 6.190074910983334e-10, 0.0, 0.0, 0.0, 1.0]}, {"left_foot_pose": [0.9999999999999982, 6.358622028670362e-08, -1.0668408748853495e-09, 8.945330446580023e-05, -6.359424020713123e-08, 0.99975398218158, -0.022180511988436936, -0.0001803662342144234, -3.4379612121961963e-10, 0.022180511988437367, 0.9997539821815821, 1.1591514553765947e-09, 0.0, 0.0, 0.0, 1.0], "right_foot_pose": [0.9999999999017346, 1.387496616165056e-05, -2.004204483808896e-06, 0.0005145884484047739, -1.4018970056881981e-05, 0.9897240046142646, -0.1429908895481519, -0.16068217523544534, -3.8446592625340513e-10, 0.14299088956219785, 0.9897240047115217, 7.540296720343065e-10, 0.0, 0.0, 0.0, 1.0]}, {"left_foot_pose": [0.9999999999999982, 6.356805344355761e-08, -2.004053959802582e-09, 8.94532603503563e-05, -6.359828807598861e-08, 0.9992771056729955, -0.03801665526840994, -0.00018036619247062402, -4.140392658504146e-10, 0.03801665526841041, 0.9992771056729977, 1.4900991968103128e-09, 0.0, 0.0, 0.0, 1.0], "right_foot_pose": [0.9999999999017343, 1.3840154973439038e-05, -2.232011152226937e-06, 0.0005145884307461532, -1.4018978680813496e-05, 0.9872387943458152, -0.15924686101173066, -0.1606821752522233, -4.732362529392698e-10, 0.15924686102737284, 0.9872387944428282, 9.040104290147788e-10, 0.0, 0.0, 0.0, 1.0]}, {"left_foot_pose": [0.9999999999999983, 6.353321916274318e-08, -3.031210930392553e-09, 8.945320885337548e-05, -6.36036600743918e-08, 0.9984736956683141, -0.05522933150469351, -0.00018036615779372725, -4.823125417630401e-10, 0.05522933150469399, 0.9984736956683162, 1.8797453107954887e-09, 0.0, 0.0, 0.0, 1.0], "right_foot_pose": [0.9999999999017344, 1.37977544679085e-05, -2.480728360722223e-06, 0.0005145884137492629, -1.4018988595518805e-05, 0.9842118403267419, -0.17699450037816358, -0.1606821752610548, -5.644330834637432e-10, 0.17699450039554854, 0.9842118404234581, 1.0490744453695022e-09, 0.0, 0.0, 0.0, 1.0]}, {"left_foot_pose": [0.9999999999999983, 6.34753475979634e-08, -4.154780778663998e-09, 8.945316510238702e-05, -6.360908704402682e-08, 0.9973022840145346, -0.07340404824932366, -0.00018036615555450455, -5.157746081986036e-10, 0.07340404824932416, 0.9973022840145366, 2.2144350658725998e-09, 0.0, 0.0, 0.0, 1.0], "right_foot_pose": [0.9999999999017342, 1.3747705600219885e-05, -2.7446038976433105e-06, 0.0005145884055667119, -1.401899637799961e-05, 0.9806397030803516, -0.19582076638075807, -0.16068217525120893, -6.18695403361585e-10, 0.1958207663999923, 0.9806397031767171, 1.1189713183812344e-09, 0.0, 0.0, 0.0, 1.0]}, {"left_foot_pose": [0.9999999999999983, 6.338343318682649e-08, -5.373850790268372e-09, 8.945318726262014e-05, -6.360940406207541e-08, 0.9958368286846827, -0.09115377466254514, -0.00018036623408305627, -4.261602366984958e-10, 0.09115377466254569, 0.9958368286846848, 2.0512790147031446e-09, 0.0, 0.0, 0.0, 1.0], "right_foot_pose": [0.9999999999017342, 1.369344342148563e-05, -3.003617284270904e-06, 0.0005145884279783644, -1.4018991021392916e-05, 0.9767700986988761, -0.21428992998098476, -0.16068217520397593, -5.234807370771353e-10, 0.2142899300020353, 0.9767700987948613, 9.233984063494738e-10, 0.0, 0.0, 0.0, 1.0]}, {"left_foot_pose": [0.9999999999999178, 4.032408628940914e-07, -4.397672135705213e-08, 9.991893987556025e-05, -4.056316047383718e-07, 0.9940027919679599, -0.10935469610280515, -0.0001926764127106132, -3.8329785635904257e-10, 0.10935469610281438, 0.9940027919680414, 0.005517084060121656, 0.0, 0.0, 0.0, 1.0], "right_foot_pose": [0.9999999999017343, 1.364220549903556e-05, -3.2283153127878937e-06, 0.0005145886031099748, -1.4018979652622421e-05, 0.9731178220106304, -0.23030784678068503, -0.16068217575267824, -3.7580758854353965e-10, 0.23030784680331157, 0.9731178221062561, 9.928758926136538e-10, 0.0, 0.0, 0.0, 1.0]}, {"left_foot_pose": [0.9999999999990821, 1.3436439174734811e-06, -1.755479796897924e-07, 0.0001289898478735311, -1.3550631098180554e-06, 0.9915540250369501, -0.12969431533875062, -0.00022682058062750525, -1.9767167522778165e-10, 0.12969431533886985, 0.9915540250378605, 0.01816900079767869, 0.0, 0.0, 0.0, 1.0], "right_foot_pose": [0.9999999999017344, 1.3599925623161114e-05, -3.4019614440952193e-06, 0.0005145886893344714, -1.4018962821511982e-05, 0.970106011082828, -0.24268153424690656, -0.160682175813186, -1.8756955466839158e-10, 0.24268153427075154, 0.970106011178157, 9.721387722594343e-10, 0.0, 0.0, 0.0, 1.0]}, {"left_foot_pose": [0.9999999999961613, 2.740141235632949e-06, -4.1141395038892517e-07, 0.00017235265798022577, -2.7708546211253165e-06, 0.9889324400827312, -0.14836653579678322, -0.00027772267531444433, 3.153393473659157e-10, 0.14836653579735404, 0.9889324400865271, 0.03163852774662992, 0.0, 0.0, 0.0, 1.0], "right_foot_pose": [0.9999999999017348, 1.3573411211323993e-05, -3.506199531701176e-06, 0.0005145886953748063, -1.401894885750805e-05, 0.9682181910532706, -0.2501070457164317, -0.16068217540973917, -3.961041121749847e-11, 0.25010704574100834, 0.9682181911484132, 5.177807071987672e-10, 0.0, 0.0, 0.0, 1.0]}, {"left_foot_pose": [0.9999999999898215, 4.45567499553956e-06, -7.102814545226944e-07, 0.00022568082085001436, -4.5119329195220895e-06, 0.9875613145797519, -0.157234378954335, -0.0003403192507022059, 8.611963181233388e-10, 0.1572343789559397, 0.9875613145898035, 0.039607547897346586, 0.0, 0.0, 0.0, 1.0], "right_foot_pose": [0.9999999999017348, 1.356844802956813e-05, -3.5253451377461662e-06, 0.0005145885949868264, -1.4018945761958329e-05, 0.9678649366196617, -0.2514706031839257, -0.1606821750648385, -7.861641214728852e-12, 0.2514706032086366, 0.9678649367147697, 8.327814132735867e-11, 0.0, 0.0, 0.0, 1.0]}, {"left_foot_pose": [0.9999999999792811, 6.363325448132067e-06, -9.7285631443324e-07, 0.000284643507153533, -6.4372633671967115e-06, 0.9885308500062029, -0.15101906682460967, -0.00040954978360598256, 7.150088115630133e-10, 0.15101906682774355, 0.9885308500266837, 0.04000000040740824, 0.0, 0.0, 0.0, 1.0], "right_foot_pose": [0.9999999999017347, 1.358694533776208e-05, -3.45341065459826e-06, 0.0005145885107176242, -1.4018956050710775e-05, 0.9691817885700581, -0.24634662674291394, -0.1606821750960391, -1.1543686668590326e-10, 0.24634662676711988, 0.9691817886652956, 2.4745213517141096e-10, 0.0, 0.0, 0.0, 1.0]}, {"left_foot_pose": [0.999999999964672, 8.325716917504433e-06, -1.1571480681241843e-06, 0.00034492737668107096, -8.405745281257405e-06, 0.9904848006928988, -0.13762216218942666, -0.0004803321757432446, 3.3441009232403235e-10, 0.13762216219429177, 0.9904848007278904, 0.04000000105004548, 0.0, 0.0, 0.0, 1.0], "right_foot_pose": [0.9999999999017344, 1.3624337235983232e-05, -3.302896310554365e-06, 0.0005145884484678727, -1.4018976034329602e-05, 0.9718441025939025, -0.23562478659283806, -0.1606821751357923, -3.312527297584807e-10, 0.23562478661598762, 0.9718441026894027, 6.392348039785389e-10, 0.0, 0.0, 0.0, 1.0]}, {"left_foot_pose": [0.9999999999471987, 1.0208243334331013e-05, -1.1809912975705568e-06, 0.0004022084850958266, -1.0276330656094139e-05, 0.9933652041508267, -0.1150024829157343, -0.0005476017382937855, -8.176678407747501e-10, 0.11500248292179865, 0.9933652042032791, 0.03757000576129842, 0.0, 0.0, 0.0, 1.0], "right_foot_pose": [0.9999999999017339, 1.3679233102765088e-05, -3.067769760324529e-06, 0.0005145881122576919, -1.4019009560833149e-05, 0.9757519113607217, -0.2188794354875884, -0.1606821758217269, -7.20612215713961e-10, 0.2188794355090872, 0.9757519114566077, 1.4971425904564128e-09, 0.0, 0.0, 0.0, 1.0]}, {"left_foot_pose": [0.9999999999291014, 1.186912532605254e-05, -9.598497830257794e-07, 0.0004521662190749358, -1.1907873221139992e-05, 0.9967343501221058, -0.08075044981216328, -0.0006062809887562894, -1.7219590383042605e-09, 0.08075044981786834, 0.9967343501927743, 0.026715183642799775, 0.0, 0.0, 0.0, 1.0], "right_foot_pose": [0.9999999999017334, 1.374925528387195e-05, -2.7370831806496963e-06, 0.0005145877462458833, -1.4019045749617586e-05, 0.9807385194191627, -0.19532525779062615, -0.16068217686277242, -1.2139265454318956e-09, 0.1953252578098037, 0.9807385195155405, 2.9977483967380536e-09, 0.0, 0.0, 0.0, 1.0]}, {"left_foot_pose": [0.9999999999134164, 1.3146682814577636e-05, -5.762746606389312e-07, 0.0004904924502562367, -1.3159306895594665e-05, 0.9990343875135219, -0.04393509294760886, -0.0006512813174310884, -1.88252831842862e-09, 0.04393509295138858, 0.999034387600023, 0.012812772436878325, 0.0, 0.0, 0.0, 1.0], "right_foot_pose": [0.9999999999017332, 1.38252718644005e-05, -2.3229661114578853e-06, 0.0005145875532712045, -1.4019069541438643e-05, 0.9861560824635931, -0.16581972386759208, -0.16068217731644655, -1.6956027952206159e-09, 0.1658197238838635, 0.986156082560504, 4.334939580907804e-09, 0.0, 0.0, 0.0, 1.0]}, {"left_foot_pose": [0.9999999999035398, 1.3889166512746303e-05, -1.092904276892681e-07, 0.0005128662860598029, -1.3889596365097888e-05, 0.9999679530171226, -0.00800579451556262, -0.0006775318921022587, -1.9068873887500333e-09, 0.008005794516308782, 0.9999679531135801, 0.0021808956416743963, 0.0, 0.0, 0.0, 1.0], "right_foot_pose": [0.9999999999017333, 1.3897447213501197e-05, -1.8426320954514402e-06, 0.0005145874724329863, -1.4019070149010182e-05, 0.9913051079440126, -0.13158336812673305, -0.16068217679468283, -2.0623041264723847e-09, 0.13158336813963495, 0.9913051080414292, 4.927857399916746e-09, 0.0, 0.0, 0.0, 1.0]}, {"left_foot_pose": [0.9999999999017353, 1.4013257190056952e-05, 3.982887386196787e-07, 0.0005168318455577843, -1.401891603433111e-05, 0.9996004846802348, 0.028264303113831116, -0.0006821737270471737, -2.054666955092649e-09, -0.028264303116636896, 0.9996004847784596, 6.009926799277476e-09, 0.0, 0.0, 0.0, 1.0], "right_foot_pose": [0.9999999999017334, 1.3956140413270902e-05, -1.3265363061245644e-06, 0.000514587461851235, -1.4019042377517291e-05, 0.9954985621400952, -0.09477664575447739, -0.1606821760287535, -2.151190631477788e-09, 0.09477664576376095, 0.9954985622379227, 5.066056053826262e-09, 0.0, 0.0, 0.0, 1.0]}, {"left_foot_pose": [0.9999999999017357, 1.39893270163328e-05, 9.098678449189658e-07, 0.0005168319791793956, -1.4018884627562606e-05, 0.9979004359859801, 0.06476665548306473, -0.0006821739106861353, -1.9155954784916945e-09, -0.0647666554894554, 0.9979004360840369, 5.255416407612401e-09, 0.0, 0.0, 0.0, 1.0], "right_foot_pose": [0.9999999999017342, 1.399539504206708e-05, -8.131786364176155e-07, 0.0005145873303186331, -1.4018999188491556e-05, 0.9983083668895912, -0.05814124527136415, -0.1606821760449877, -1.906659232925879e-09, 0.05814124527705099, 0.9983083669876929, 5.042453149473047e-09, 0.0, 0.0, 0.0, 1.0]}, {"left_foot_pose": [0.9999999999017359, 1.3951183002798524e-05, 1.3760031777517612e-06, 0.0005168322437686385, -1.4018876194765922e-05, 0.9951815719671611, 0.09804916430261848, -0.0006821738453083592, -1.4711707036707234e-09, -0.09804916431227334, 0.99518157206495, 4.35089460987248e-09, 0.0, 0.0, 0.0, 1.0], "right_foot_pose": [0.9999999999143567, 1.3083562729257843e-05, -3.2773035950751024e-07, 0.0006822214050305732, -1.3087666621756873e-05, 0.9996829457950919, -0.025179509827653653, -0.1606822208660803, -1.8112449429606297e-09, 0.0251795098297866, 0.9996829458807086, 0.0005096346633565035, 0.0, 0.0, 0.0, 1.0]}, {"left_foot_pose": [0.9999999999017355, 1.3906899797255472e-05, 1.7684168657402411e-06, 0.0005168327812155197, -1.401888580387825e-05, 0.992020787631606, 0.12607440941856066, -0.0006821733736354536, -1.0021126889510392e-09, -0.12607440943096282, 0.9920207877290853, 3.9126349313245434e-09, 0.0, 0.0, 0.0, 1.0], "right_foot_pose": [0.9999999999921627, -3.959184274851012e-06, -7.276586101672413e-09, 0.0037506411820499696, 3.959190884878215e-06, 0.9999979300853992, 0.0020346521181172036, -0.16068310855855894, -7.78991547612215e-10, -0.002034652118129886, 0.9999979300932371, 0.0087804074097666, 0.0, 0.0, 0.0, 1.0]}, {"left_foot_pose": [0.9999999999017353, 1.3864286375396432e-05, 2.0763647567053512e-06, 0.0005168327705047462, -1.4018906055102255e-05, 0.988976662589293, 0.1480714714494818, -0.0006821737464621988, -5.710027633510763e-10, -0.14807147146403957, 0.9889766626864733, 2.7141872430136438e-09, 0.0, 0.0, 0.0, 1.0], "right_foot_pose": [0.9999999992383071, -3.9017457589922486e-05, -1.0120234491997088e-06, 0.010063465617426449, 3.903058008698847e-05, 0.9996654524448801, 0.025864679870174663, -0.16068494922525428, 2.5108294800224102e-09, -0.025864679889973406, 0.9996654532063164, 0.022328664443646375, 0.0, 0.0, 0.0, 1.0]}, {"left_foot_pose": [0.9999999999017353, 1.3830524294372884e-05, 2.2906179946898698e-06, 0.000516832275899629, -1.4018927669673943e-05, 0.9865634506937749, 0.16337857129581476, -0.0006821745145781134, -2.2869308270015397e-10, -0.163378571311872, 0.9865634507907195, 1.3699997455929314e-09, 0.0, 0.0, 0.0, 1.0], "right_foot_pose": [0.9999999961601753, -8.754104333359166e-05, -4.026867270125131e-06, 0.018811998375672198, 8.76336115930539e-05, 0.998947277735831, 0.04587296180238072, -0.16068750753539265, 6.861160464873574e-09, -0.045872961979125326, 0.9989472815715861, 0.034836267445867285, 0.0, 0.0, 0.0, 1.0]}, {"left_foot_pose": [0.999999999901735, 1.3811562423961375e-05, 2.4023892542154202e-06, 0.0005168315037390834, -1.4018941854691034e-05, 0.9852075763719657, 0.17136519851693052, -0.000682174986939784, -3.09576990498735e-11, -0.17136519853376977, 0.9852075764687773, 7.457427245172177e-10, 0.0, 0.0, 0.0, 1.0], "right_foot_pose": [0.9999999894475412, -0.00014503485290303815, -8.355199085531495e-06, 0.029187523154869256, 0.00014527531725637093, 0.9983487972437186, 0.05744264911285569, -0.16069054096142485, 1.021679345875629e-08, -0.05744264972049851, 0.9983488077786684, 0.04000001416187945, 0.0, 0.0, 0.0, 1.0]}, {"left_foot_pose": [0.9999999999017346, 1.3809365505402092e-05, 2.414993926854392e-06, 0.0005168313820865665, -1.4018943302998412e-05, 0.9850505242187733, 0.17226568009847187, -0.0006821749122797385, -1.1292651678379552e-11, -0.1722656801153994, 0.9850505243155697, 9.441242232455238e-10, 0.0, 0.0, 0.0, 1.0], "right_foot_pose": [0.9999999784796081, -0.0002071034507255871, -1.2204289372920376e-05, 0.040381253608770803, 0.00020746272885295442, 0.9982712887726645, 0.05877406716723677, -0.16069380714369177, 1.0879557413601081e-08, -0.058774068434330806, 0.9982713102557225, 0.04000001441334283, 0.0, 0.0, 0.0, 1.0]}, {"left_foot_pose": [0.9999999999017352, 1.3822976968964249e-05, 2.3357712682544492e-06, 0.0005168311930192908, -1.4018934327888194e-05, 0.9860235411102117, 0.16660605085034746, -0.0006821747926145476, -1.3385294694426406e-10, -0.1666060508667205, 0.9860235412071032, 1.5772300271388318e-09, 0.0, 0.0, 0.0, 1.0], "right_foot_pose": [0.9999999636301637, -0.0002693396711953966, -1.3993323830886665e-05, 0.0515844977876127, 0.00026970293196206706, 0.9986548173122546, 0.051850584561371184, -0.16069707655945303, 9.080856836133227e-09, -0.05185058644961418, 0.9986548536330413, 0.04000001195881143, 0.0, 0.0, 0.0, 1.0]}, {"left_foot_pose": [0.9999999999017352, 1.3851680966237073e-05, 2.1589075187752212e-06, 0.000516830217339829, -1.4018913905244281e-05, 0.9880756552754575, 0.15396915033683045, -0.00068217408551631, -4.324117357892765e-10, -0.15396915035196587, 0.98807565537255, 3.147332505726297e-09, 0.0, 0.0, 0.0, 1.0], "right_foot_pose": [0.9999999463708774, -0.00032730074405649533, -1.1509360460561132e-05, 0.061988526628529744, 0.00032750304183971625, 0.9993827720140797, 0.035127877009742584, -0.16070010473471436, 4.8762788722069925e-09, -0.03512787889521575, 0.9993828256100479, 0.035066721634293536, 0.0, 0.0, 0.0, 1.0]}, {"left_foot_pose": [0.9999999999017355, 1.3891708806793129e-05, 1.8840780863412666e-06, 0.0005168294892276951, -1.4018891650789497e-05, 0.9909357556523029, 0.13433662186191245, -0.0006821733670656117, -8.351088892499682e-10, -0.13433662187512418, 0.9909357557496752, 5.344650055860711e-09, 0.0, 0.0, 0.0, 1.0], "right_foot_pose": [0.9999999291727316, -0.00037634715498948177, -4.165479345831414e-06, 0.07078460159199301, 0.00037637020642792765, 0.9999386935289173, 0.011066504829883951, -0.16070266610033984, 3.763666507806858e-10, -0.011066505613835785, 0.9999387643518475, 0.0226596873575083, 0.0, 0.0, 0.0, 1.0]}, {"left_foot_pose": [0.9999999999017357, 1.3921640574020752e-05, 1.6482671051550754e-06, 0.0005168291140838677, -1.4018875105230798e-05, 0.9930743312165374, 0.11748775460573856, -0.0006821731399280773, -1.229461439909811e-09, -0.11748775461730014, 0.9930743313141197, 7.462374496114421e-09, 0.0, 0.0, 0.0, 1.0], "right_foot_pose": [0.9999999152056216, -0.0004118028154185492, 2.681568898831107e-06, 0.077164042749706, 0.00041181154621427237, 0.9999787411133454, -0.006507513551214694, -0.16070452947998154, -1.6994898367307291e-09, 0.006507514103715346, 0.999978825905924, 0.009063337522375557, 0.0, 0.0, 0.0, 1.0]}, {"left_foot_pose": [0.9999999999017358, 1.3965669996418256e-05, 1.2202244830302613e-06, 0.0005168287157773733, -1.4018875971631911e-05, 0.99621494513623, 0.08692400641186442, -0.0006821734489590343, -1.6538777198767185e-09, -0.08692400642042865, 0.9962149452341204, 1.0821785537129536e-08, 0.0, 0.0, 0.0, 1.0], "right_foot_pose": [0.9999999078361164, -0.0004290542498539966, 1.5498717567850936e-05, 0.08031813745652959, 0.000429334088512348, 0.9993483020033818, -0.036094140178124116, -0.16070545802170808, -2.272846256406321e-09, 0.03609414350567593, 0.9993483941071761, 0.0005957950883095225, 0.0, 0.0, 0.0, 1.0]}, {"left_foot_pose": [0.9999999999017356, 1.3999006481300798e-05, 7.465632160438136e-07, 0.0005168286655400378, -1.4018899238899466e-05, 0.9985878191302874, 0.053125956820441175, -0.0006821737546779047, -1.7983195673039262e-09, -0.05312595682568631, 0.9985878192284119, 1.363913738894329e-08, 0.0, 0.0, 0.0, 1.0], "right_foot_pose": [0.999999907366997, -0.0004293780175255687, 3.0008600631857626e-05, 0.08051457878078809, 0.0004304253687256587, 0.9975669094088518, -0.0697142452191329, -0.1607055208916227, -1.8225824883524728e-09, 0.06971425167775619, 0.9975670018164249, 1.7507493982327205e-08, 0.0, 0.0, 0.0, 1.0]}, {"left_foot_pose": [0.999999999901735, 1.4016249934273567e-05, 2.741149965253948e-07, 0.0005168293380113596, -1.4018930013620155e-05, 0.9998110297264792, 0.019439769565181522, -0.0006821740676155874, -1.590527700291856e-09, -0.019439769567113664, 0.9998110298247256, 1.5310544956848027e-08, 0.0, 0.0, 0.0, 1.0], "right_foot_pose": [0.9999999073670058, -0.00042810404319044667, 4.464201032046012e-05, 0.08051457998767728, 0.00043042534878709996, 0.9946072639296542, -0.10371212693020188, -0.16070552082626974, -1.686874435833198e-09, 0.10371213653809007, 0.9946073560630371, 1.3923228042722613e-08, 0.0, 0.0, 0.0, 1.0]}, {"left_foot_pose": [0.9999999999795116, 6.40098149634621e-06, -6.65765436067744e-08, 0.0018874026897439243, -6.401327403240037e-06, 0.9999426025881502, -0.01071407897396124, -0.0006818963115522887, -2.007898602033142e-09, 0.010714078974168312, 0.9999426026086374, 0.0020214341816826367, 0.0, 0.0, 0.0, 1.0], "right_foot_pose": [0.9999999073670056, -0.0004265155492690782, 5.7883214464159235e-05, 0.08051458092587714, 0.00043042534809554524, 0.990916747553544, -0.1344760727859258, -0.16070552160903134, -1.31056678779814e-09, 0.13447608524340748, 0.9909168393450625, 1.2509620846146152e-08, 0.0, 0.0, 0.0, 1.0]}, {"left_foot_pose": [0.9999999992305872, -3.919950518558936e-05, 1.491500931418323e-06, 0.010097001448811996, 3.922786911663926e-05, 0.9992847971349088, -0.037813921724926376, -0.000680195490641796, -8.147184417861777e-09, 0.037813921754340674, 0.9992847979037591, 0.012500298114902386, 0.0, 0.0, 0.0, 1.0], "right_foot_pose": [0.9999999073669994, -0.000424839328406893, 6.911974054897165e-05, 0.08051458149876824, 0.0004304253634416016, 0.9870223040205728, -0.16058264569973463, -0.16070552190584964, -9.022169929518588e-10, 0.16058266057537196, 0.9870223954513575, 1.0204532246982367e-08, 0.0, 0.0, 0.0, 1.0]}, {"left_foot_pose": [0.9999999930068866, -0.00011802521140239552, 7.501800177463612e-06, 0.024316987024100355, 0.00011826338064954701, 0.9979958215195592, -0.06327974591663367, -0.0006772354691851092, -1.8159841315886254e-08, 0.06327974636129985, 0.9979958284985211, 0.026398349824759297, 0.0, 0.0, 0.0, 1.0], "right_foot_pose": [0.9999999073669879, -0.0004233174625238099, 7.7899562618454e-05, 0.08051458099947696, 0.00043042538950830843, 0.9834863936605449, -0.18098156872609877, -0.16070552094753102, -5.014706155157763e-10, 0.1809815854911807, 0.9834864847638214, 6.543900921140988e-09, 0.0, 0.0, 0.0, 1.0]}, {"left_foot_pose": [0.9999999754202643, -0.00022092805860680486, 1.8715355001493486e-05, 0.04293068766130255, 0.00022171935140534528, 0.9964418665428101, -0.08428260461809323, -0.0006733529968886327, -2.83710578548558e-08, 0.08428260669600583, 0.996441891034558, 0.037397474394084605, 0.0, 0.0, 0.0, 1.0], "right_foot_pose": [0.9999999073669774, -0.0004221842208026548, 8.382434785548655e-05, 0.08051457952883437, 0.0004304254146632087, 0.9808533660005078, -0.19474724424092968, -0.16070551966002433, -1.8018345420772253e-10, 0.1947472622810336, 0.9808534568599137, 3.4253517383620036e-09, 0.0, 0.0, 0.0, 1.0]}, {"left_foot_pose": [0.9999999419925258, -0.0003390969634881338, 3.206547722374878e-05, 0.06432141913933205, 0.0003406096656066924, 0.9955682325230135, -0.09404136523923376, -0.000668896082253425, -3.42290893036562e-08, 0.09404137070594354, 0.9955682902723183, 0.04000005817652819, 0.0, 0.0, 0.0, 1.0], "right_foot_pose": [0.9999999073669713, -0.0004216233623100963, 8.660132577915515e-05, 0.08051457805858164, 0.0004304254282361307, 0.9795502295896029, -0.20119931024957852, -0.1607055191710461, -1.886771675062126e-11, 0.20119932888729003, 0.9795503203283148, 2.096121914929583e-09, 0.0, 0.0, 0.0, 1.0]}, {"left_foot_pose": [0.9999998914460604, -0.0004638633544042009, 4.4030172619687137e-05, 0.0868723573331642, 0.0004659483516896361, 0.9955322238836339, -0.09442125873679084, -0.0006642014926675106, -3.48938609302907e-08, 0.09442126900277802, 0.9955323319510541, 0.04000006250544226, 0.0, 0.0, 0.0, 1.0], "right_foot_pose": [0.9999999073669714, -0.00042162615018438135, 8.658775136611709e-05, 0.08051457788420183, 0.00043042542815897633, 0.9795567067559617, -0.2011677732226639, -0.16070551925419255, -1.880859736917808e-11, 0.20116779185745393, 0.9795567974952738, 1.9331697284630245e-09, 0.0, 0.0, 0.0, 1.0]}, {"left_foot_pose": [0.9999998266870396, -0.0005869451565349851, 4.605729926839411e-05, 0.1089668110565302, 0.000588749429581899, 0.9969389086091016, -0.07818226061839616, -0.0006596016107688341, -2.7614468952223403e-08, 0.07818227418460616, 0.9969390813902936, 0.039677560887539425, 0.0, 0.0, 0.0, 1.0], "right_foot_pose": [0.999999907366979, -0.00042275703255325784, 8.088587929290105e-05, 0.08051457737751269, 0.00043042541054404045, 0.9821842008966912, -0.18792022308121534, -0.16070551956786516, -2.368505685300203e-10, 0.18792024048893527, 0.9821842918793708, 2.7119985770984734e-09, 0.0, 0.0, 0.0, 1.0]}, {"left_foot_pose": [0.9999997549807185, -0.000698910208669738, 3.9535093541172184e-05, 0.12898802224998906, 0.0007000275016591427, 0.9984051383010575, -0.05645077302875605, -0.000655441837203067, -1.8018977162216636e-08, 0.05645078687288136, 0.9984053829289147, 0.03191403551793965, 0.0, 0.0, 0.0, 1.0], "right_foot_pose": [0.9999999073669905, -0.00042397562195778545, 7.423397650786345e-05, 0.08051457627878846, 0.00043042538410526307, 0.9850155250690213, -0.17246515621130176, -0.1607055203144591, -5.974769837156164e-10, 0.1724651721875233, 0.985015616313939, 4.255913087225505e-09, 0.0, 0.0, 0.0, 1.0]}, {"left_foot_pose": [0.9999996873200792, -0.000790477833473813, 2.246195822715577e-05, 0.1453192541129844, 0.0007907969048503526, 0.9995964839662809, -0.02839443400570829, -0.0006520440591014469, -7.723791014194192e-09, 0.028394442890186347, 0.999596796519955, 0.018501340986086946, 0.0, 0.0, 0.0, 1.0], "right_foot_pose": [0.9999999073670015, -0.00042553451367508335, 6.470213979465767e-05, 0.0805145756079662, 0.0004304253584787035, 0.9886374502015685, -0.15031901673757814, -0.16070552081229048, -1.0288254929570816e-09, 0.15031903066251873, 0.9886375417819624, 6.343804349884241e-09, 0.0, 0.0, 0.0, 1.0]}, {"left_foot_pose": [0.9999996369866967, -0.0008520710757378764, -1.1650868394874114e-06, 0.15634385187177713, 0.0008520718722823473, 0.9999987002657663, 0.0013687367545811226, -0.0006497422643394965, -1.1756731329360563e-09, -0.0013687372504487896, 0.9999990632787312, 0.005757590633810768, 0.0, 0.0, 0.0, 1.0], "right_foot_pose": [0.9999999073670076, -0.0004271862328770956, 5.270577918565644e-05, 0.08051457520480858, 0.0004304253439529645, 0.9924749506136122, -0.12244707893017044, -0.16070552082629314, -1.45921915448616e-09, 0.1224470902734344, 0.9924750425494689, 9.032673484177245e-09, 0.0, 0.0, 0.0, 1.0]}, {"left_foot_pose": [0.9999996173042591, -0.000874392396142384, -2.879711009771574e-05, 0.16044508200984242, 0.0008748664675129964, 0.9994576781813228, 0.03291783913114332, -0.000648875387905732, -1.6154366363056316e-09, -0.032917851727252055, 0.9994580606697128, 9.63980585640123e-07, 0.0, 0.0, 0.0, 1.0], "right_foot_pose": [0.9999999073670013, -0.0004286708851016743, 3.8823460199742576e-05, 0.08051457446312496, 0.000430425357980364, 0.9959241388604329, -0.09019381558131537, -0.16070552056618673, -1.7584109333499973e-09, 0.09019382393699375, 0.9959242311158129, 1.411221392522144e-08, 0.0, 0.0, 0.0, 1.0]}, {"left_foot_pose": [0.9999996173013591, -0.0008729106376943769, -5.851627538442812e-05, 0.16044568174259302, 0.0008748697822426911, 0.9977601268129085, 0.0668876965155263, -0.0006488747903396937, -1.7754707888590616e-09, -0.06688772211181643, 0.9977605086546032, 2.6018541432470954e-08, 0.0, 0.0, 0.0, 1.0], "right_foot_pose": [0.9999999073669904, -0.0004297481718276212, 2.413544993691151e-05, 0.08051457435705521, 0.00043042538392803255, 0.9984267821694305, -0.05606938006421329, -0.16070552030539167, -1.766038606502366e-09, 0.056069385258848345, 0.9984268746566747, 1.5533820472979354e-08, 0.0, 0.0, 0.0, 1.0]}, {"left_foot_pose": [0.999999617301348, -0.0008704988865401828, -8.734326930946331e-05, 0.16044568463745645, 0.0008748697949744916, 0.9950033780167103, 0.09983742954512344, -0.0006488750315443367, -1.5232437162354186e-09, -0.0998374677514614, 0.9950037588034408, 1.8045668188915176e-08, 0.0, 0.0, 0.0, 1.0], "right_foot_pose": [0.9999999073669771, -0.00043030839189828456, 1.0036209438051037e-05, 0.08051457506078265, 0.00043042541471867397, 0.9997281087869767, -0.023313584777489994, -0.16070551983656892, -1.4495058319573959e-09, 0.02331358693772195, 0.9997282013948078, 1.6076407115261926e-08, 0.0, 0.0, 0.0, 1.0]}, {"left_foot_pose": [0.9999996173013492, -0.0008675759747151821, -0.00011273457061776068, 0.16044568605784232, 0.0008748697933485673, 0.9916624193759233, 0.12885992627785944, -0.0006488740442265363, -1.139095558435389e-09, -0.12885997559140963, 0.9916627988840672, 1.575566569572695e-08, 0.0, 0.0, 0.0, 1.0], "right_foot_pose": [0.9999998998874364, -0.0004474595605535973, -2.2492624887251645e-06, 0.08358311538081008, 0.0004474652137454017, 0.9999872609505562, 0.0050276944503881696, -0.16070350737021982, -4.5611382292040556e-10, -0.00502769495351933, 0.9999873610618558, 0.0043755720674765256, 0.0, 0.0, 0.0, 1.0]}, {"left_foot_pose": [0.9999996173013642, -0.0008645828320348465, -0.0001337671554023467, 0.16044568659900912, 0.0008748697762026909, 0.9882412356118264, 0.15290027743364423, -0.0006488742905526312, -7.359431025004026e-10, -0.15290033594775757, 0.9882416138106427, 1.1515756112578934e-08, 0.0, 0.0, 0.0, 1.0], "right_foot_pose": [0.9999998730663096, -0.0005036220617539677, -1.5237599728092037e-05, 0.09373731813160151, 0.0005038525235607035, 0.9995428139515585, 0.03023093135242166, -0.16069687493288026, 5.66933366057783e-09, -0.030230935192600866, 0.9995429408271467, 0.016515939970177862, 0.0, 0.0, 0.0, 1.0]}, {"left_foot_pose": [0.9999996173013852, -0.0008619852811207311, -0.00014959431432091548, 0.16044568595389996, 0.0008748697524463055, 0.9852722486847778, 0.1709907324230122, -0.0006488755002770769, -3.680949060916337e-10, -0.170990797860636, 0.9852726257473021, 6.933316344659435e-09, 0.0, 0.0, 0.0, 1.0], "right_foot_pose": [0.9999998253575932, -0.000590169363907759, -3.138320047140342e-05, 0.10943133584139449, 0.0005910032006209614, 0.9985902822820028, 0.053076349226061664, -0.16068663421026172, 1.4923756389229268e-08, -0.053076358504252054, 0.9985904566777752, 0.0302172283689039, 0.0, 0.0, 0.0, 1.0]}, {"left_foot_pose": [0.9999996173014026, -0.0008602126333603341, -0.00015947185892415834, 0.16044568419532051, 0.0008748697322351271, 0.9832461381751628, 0.1822807350396099, -0.0006488767011426678, -1.0166402868992167e-10, -0.18228080479813039, 0.9832465144622412, 3.577024017265007e-09, 0.0, 0.0, 0.0, 1.0], "right_foot_pose": [0.9999997550480275, -0.0006982111289509864, -4.9041867244793625e-05, 0.12904707305223603, 0.0006999313428920865, 0.9975444568895274, 0.07003261115432592, -0.1606738390563551, 2.3894328230307048e-08, -0.07003262832563949, 0.9975447012388983, 0.03916131580955891, 0.0, 0.0, 0.0, 1.0]}, {"left_foot_pose": [0.9999996173014094, -0.0008601099316750408, -0.00016002481140196418, 0.16044568312403182, 0.0008748697244904261, 0.9831287764828106, 0.18291266619449031, -0.0006488768723009325, -3.782103899875241e-12, -0.18291273619493303, 0.9831291527249526, 2.66169606494282e-09, 0.0, 0.0, 0.0, 1.0], "right_foot_pose": [0.9999996624448946, -0.0008195392001528526, -5.8869320449396356e-05, 0.15096634274533066, 0.0008216508362931416, 0.9974319705030527, 0.07161556470698711, -0.16065953440167005, 2.6379679599466818e-08, -0.0716155889028138, 0.9974323071898679, 0.04000005739005356, 0.0, 0.0, 0.0, 1.0]}, {"left_foot_pose": [0.9999996173014039, -0.0008607290843966765, -0.00015666042701393708, 0.16044568293195163, 0.0008748697309418291, 0.9838364606736879, 0.1790671752500297, -0.0006488767834132193, -8.57569752497269e-11, -0.1790672437787383, 0.9838368371866779, 2.691728798187576e-09, 0.0, 0.0, 0.0, 1.0], "right_foot_pose": [0.9999995514287684, -0.0009450279121043273, -6.375349146063981e-05, 0.1735709258988985, 0.0009471759402179615, 0.9977334710351758, 0.06728316010591505, -0.1606447816646454, 2.452801111423456e-08, -0.06728319031039809, 0.9977339185883451, 0.04000005905737089, 0.0, 0.0, 0.0, 1.0]}, {"left_foot_pose": [0.9999996173013885, -0.0008623365891438719, -0.00014755569817518792, 0.16044568210546092, 0.0008748697486139276, 0.9856738165706589, 0.1686604930917559, -0.0006488764007688899, -3.2615867383530497e-10, -0.1686605576376355, 0.9856741937868527, 3.455508136573915e-09, 0.0, 0.0, 0.0, 1.0], "right_foot_pose": [0.9999994301994776, -0.0010659565121085423, -5.777053685073317e-05, 0.1952426917357012, 0.0010675208289870211, 0.998534954239376, 0.05409995897824028, -0.1606306342548971, 1.769679302289665e-08, -0.054099989823306584, 0.9985355232044167, 0.038353530954871436, 0.0, 0.0, 0.0, 1.0]}, {"left_foot_pose": [0.9999996173013672, -0.0008648136657671397, -0.00013226656030877352, 0.16044568107302537, 0.000874869772864886, 0.9885050956034147, 0.1511850209808004, -0.0006488757328085501, -7.033598330899659e-10, -0.15118507883851465, 0.9885054739032013, 5.158901993096432e-09, 0.0, 0.0, 0.0, 1.0], "right_foot_pose": [0.9999993112141528, -0.0011731354126116623, -3.6394016185982246e-05, 0.21436341664200753, 0.0011736998000671955, 0.9995186535240674, 0.031001349748267206, -0.16061814816494097, 7.71682616947209e-09, -0.031001371110625585, 0.9995193419785641, 0.028272621159385843, 0.0, 0.0, 0.0, 1.0]}, {"left_foot_pose": [0.9999996173013495, -0.0008677468861151801, -0.00011141138400947871, 0.1604456804843702, 0.0008748697930823018, 0.9918577787120753, 0.1273474829401572, -0.0006488753980787992, -1.1339085964684746e-09, -0.12734753167490137, 0.9918581582949806, 7.365786203195057e-09, 0.0, 0.0, 0.0, 1.0], "right_foot_pose": [0.9999992103180582, -0.0012567183608882292, -4.714032800824522e-06, 0.22931497706484483, 0.001256727202179635, 0.9999921737788489, 0.0037514021101014944, -0.16060839048487663, -4.600029897437536e-10, -0.0037514050719400648, 0.9999929634552369, 0.014400821964350316, 0.0, 0.0, 0.0, 1.0]}, {"left_foot_pose": [0.9999996173013448, -0.0008706489282554183, -8.583477177529929e-05, 0.16044568003985668, 0.0008748697984930683, 0.9951748763184647, 0.09811320067842384, -0.0006488755023591405, -1.5446327734312504e-09, -0.09811323822488298, 0.9951752571708301, 1.0548692239154e-08, 0.0, 0.0, 0.0, 1.0], "right_foot_pose": [0.9999991450682807, -0.001307197817282659, 3.31145644096407e-05, 0.23847927761739307, 0.0013076171870505594, 0.9996785052812487, -0.02532145761879837, -0.1606024162325144, -3.764122247281531e-09, 0.025321479271854828, 0.9996793599387181, 0.003056212857479465, 0.0, 0.0, 0.0, 1.0]}, {"left_foot_pose": [0.9999996173013643, -0.0008730135846952098, -5.6959692450490964e-05, 0.1604456792934845, 0.0008748697763798706, 0.9978778086887851, 0.06510847509613234, -0.0006488758080290605, -1.7701512107505084e-09, -0.0651085000115207, 0.9978781905755081, 1.510988997116547e-08, 0.0, 0.0, 0.0, 1.0], "right_foot_pose": [0.9999991297051875, -0.0013171250017931049, 7.596445007247303e-05, 0.24058563320634752, 0.0013193137867921207, 0.9983401753380006, -0.05757737157271428, -0.16060105203658856, -1.7667688558196355e-09, 0.05757742168437297, 0.9983410441888985, 3.9353046446533035e-08, 0.0, 0.0, 0.0, 1.0]}, {"left_foot_pose": [0.9999996173013894, -0.0008744433572605966, -2.7310991682054404e-05, 0.16044567937968335, 0.0008748697476314406, 0.9995121819266751, 0.031219109261831895, -0.000648876170946288, -1.6738264848190294e-09, -0.031219121207882148, 0.999512564438791, 1.62034879333528e-08, 0.0, 0.0, 0.0, 1.0], "right_foot_pose": [0.9999991297052184, -0.0013137616760391937, 0.0001209093231616763, 0.2405856406528862, 0.0013193137632319496, 0.9957909404342306, -0.09164421618577577, -0.16060105176684236, -1.749562567014136e-09, 0.091644295945627, 0.9957918070664327, 2.460862161962618e-08, 0.0, 0.0, 0.0, 1.0]}, {"left_foot_pose": [0.9999996167425366, -0.0008755082804794657, 1.7613342591790302e-07, 0.1605605758584387, 0.0008755082981954562, 0.9999995968013752, -0.00019970555223748943, -0.0006487529679243022, -1.2894900332855597e-09, 0.00019970562990552853, 0.9999999800588307, 0.00017678483010444973, 0.0, 0.0, 0.0, 1.0], "right_foot_pose": [0.9999991297052239, -0.001309203198939626, 0.000163020792930245, 0.24058564309586533, 0.0013193137591334988, 0.99233576952977